bicycle 0.20292 0.189573 0.116323 0.231343 0.073379 0.073814 0.062401 0.089037 0.013039 0.011276 0.039169 0.9173232798 0.018528 0.000174 0.962944
bell 0.34718 0.395188 0.19137 0.185501 0.022614 0.02295 0.033784 0.063732 0.022308 0.032417 0.013305 0.7910289172 0.012004 0.000088 0.975992
house 0.78147 0.803135 0.525328 0.610874 0.025938 0.02432 0.015181 0.055499 0.050214 0.056853 0.018401 0.9680973835 0.023944 0.000991 0.952112
beetle 0.305388 0.28837 0.350844 0.208955 0.021443 0.026759 0.019048 0.039391 0.019623 0.029245 0.0157 0.758519499 0.013659 0.000353 0.972682
telephone 0.539778 0.547211 0.110694 0.449893 0.030703 0.029276 0.08125 0.095235 0.034684 0.042963 0.019111 0.9446299999 0.014273 0.000172 0.971454
ant 0.654834 0.577105 0.69606 0.359275 0.009935 0.011392 0.019352 0.028306 0.042076 0.048781 0.006829 0.7483590246 0.021966 0.000418 0.956067
lettuce 0.163897 0.165512 0.12758 0.119403 0.092285 0.106761 0.066591 0.091871 0.010531 0.006243 0.068036 0.8962515974 0.011965 0.000185 0.976069
carrot 0.174975 0.176085 0.125704 0.140725 0.091061 0.105181 0.082572 0.084801 0.011243 0.004401 0.057879 0.9141162081 0.016453 0.000059 0.967095
church 0.399295 0.456435 0.34334 0.15565 0.032004 0.033985 0.03211 0.066175 0.025657 0.029863 0.026992 0.8703384494 0.017105 0.00006 0.96579
table 0.796576 0.66533 0.427767 0.357143 0.011856 0.023594 0.031241 0.046116 0.051184 0.069084 0.016026 0.7515345909 0.009197 0.000369 0.981606
airplane 0.218781 0.210354 0.129456 0.227079 0.066014 0.069906 0.039216 0.076933 0.014058 0.014333 0.035558 0.9143261718 0.015765 0.000093 0.968471
bee 0.392246 0.386438 0.275797 0.298507 0.014445 0.017298 0.021034 0.027648 0.025204 0.029798 0.010173 0.7324818402 0.014966 0.000279 0.970069
dress 0.694109 0.709442 0.347092 0.512793 0.021024 0.021749 0.045468 0.047887 0.0446 0.047745 0.015437 0.9103789403 0.017147 0.000074 0.965706
arm 0.823011 0.780168 0.628518 0.719616 0.023208 0.020932 0.029034 0.06148 0.052883 0.058491 0.014318 0.9735465138 0.019661 0.000096 0.960679
barn 0.296073 0.2891 0.15197 0.292111 0.043016 0.03802 0.045395 0.066763 0.019024 0.015721 0.026321 0.9010140838 0.02274 0.000167 0.95452
horse 0.446878 0.475027 0.365854 0.284648 0.025129 0.025188 0.019888 0.089396 0.028714 0.021667 0.018408 0.8627685345 0.020746 0.001118 0.958507
apartment 0.241692 0.186657 0.170732 0.363539 0.077691 0.085165 0.071151 0.064476 0.01553 0.011279 0.042126 0.9691603652 0.02205 0.000145 0.955899
eye 0.628651 0.563616 1 0.384861 0.016465 0.018897 0.016144 0.054748 0.040394 0.050726 0.011463 0.8306522858 0.019885 0.001112 0.960231
shirt 0.225327 0.196865 0.245779 0.226013 0.078055 0.078863 0.048591 0.103949 0.014478 0.00998 0.050328 0.93855551 0.016069 0.000217 0.967861
closet 0.263343 0.245352 0.125704 0.318763 0.058106 0.04988 0.03964 0.08634 0.016921 0.010824 0.034149 0.9335925547 0.0179 0.000052 0.9642
cup 0.429255 0.436748 0.163227 0.389126 0.040125 0.039588 0.0235 0.068883 0.027582 0.030371 0.02749 0.9359230872 0.021766 0.000348 0.956467
skirt 0.288016 0.254101 0.219512 0.333689 0.075709 0.08029 0.044538 0.077987 0.018507 0.015073 0.042613 1 0.020935 0 0.958131
saw 0.823766 0.74444 0.30394 0.98081 0.021037 0.017011 0.019251 0.048974 0.052931 0.07596 0.01475 0.9328754844 0.02027 0.000116 0.95946
celery 0.157855 0.156763 0.086304 0.13113 0.131706 0.150946 0.085106 0.097847 0.010143 0.007593 0.090874 0.9513425809 0.023594 0.000431 0.952812
window 0.482125 0.439665 0.168856 0.622601 0.031078 0.028918 0.031447 0.064463 0.030979 0.035949 0.023205 0.9093936429 0.017946 0.000185 0.964108
chimney 0.23993 0.197594 0.166979 0.331557 0.055403 0.050134 0.04768 0.082317 0.015417 0.012103 0.037601 0.8890308308 0.023994 0.00052 0.952012
knife 0.331571 0.298578 0.290807 0.351812 0.038077 0.036801 0.028615 0.079476 0.021305 0.022799 0.024865 0.8949695887 0.019966 0.000428 0.960069
pants 0.191591 0.148013 0.157598 0.282516 0.105867 0.144634 0.053292 0.075872 0.012311 0.008249 0.057051 0.9701849364 0.020783 0.000087 0.958434
butterfly 0.390483 0.378418 0.27955 0.350746 0.020785 0.021131 0.039234 0.04203 0.025091 0.028935 0.014566 0.8000687939 0.016582 0 0.966837
tomato 0.310675 0.33066 0.187617 0.200426 0.049695 0.051703 0.061047 0.086096 0.019962 0.01761 0.044772 0.8834481264 0.016548 0.000079 0.966904
door 0.575277 0.606635 0.290807 0.458422 0.02847 0.023294 0.029765 0.08437 0.036965 0.034077 0.018983 0.9380561719 0.023053 0.000407 0.953893
chair 0.383938 0.34342 0.163227 0.492537 0.036236 0.031294 0.025308 0.096053 0.02467 0.025457 0.022082 0.9090613262 0.027334 0.000587 0.945333
leg 0.42422 0.425811 0.212008 0.355011 0.024999 0.023595 0.025926 0.079788 0.027258 0.030996 0.016321 0.848633639 0.017659 0.000192 0.964683
corn 0.481873 0.497266 0.637899 0.206823 0.02514 0.026969 0.041235 0.074563 0.030963 0.040565 0.020688 0.8513784884 0.016425 0.000135 0.96715
watch 0.739426 0.653299 0.281426 0.909382 0.022949 0.018698 0.058093 0.045426 0.047512 0.0543 0.016996 0.9281255139 0.021543 0.000448 0.956915
screwdriver 0.092145 0.069267 0.0394 0.162047 0.149727 0.203453 0.109524 0.11145 0.005921 0.00171 0.077061 0.88200557 0.012966 0 0.974069
bear 0.843907 0.865476 0.658537 0.544776 0.02022 0.01911 0.042322 0.04646 0.054225 0.054864 0.014746 0.9311998747 0.020351 0.000237 0.959297
hand 0.986908 0.85782 0.763602 1 0.022379 0.020945 0.019581 0.045177 0.063414 0.07588 0.015612 0.9841737421 0.027018 0.000172 0.945964
glass 0.605992 0.628144 0.726079 0.295309 0.020498 0.022114 0.029756 0.036982 0.038938 0.051363 0.015704 0.8718694798 0.018403 0.000277 0.963194
spoon 0.339124 0.30988 0.142589 0.404051 0.046873 0.045232 0.046442 0.065107 0.02179 0.01795 0.047857 0.8754280735 0.018916 0.000286 0.962168
train 0.725076 0.756836 0.204503 0.652452 0.026282 0.023835 0.027273 0.058479 0.04659 0.062605 0.017868 0.9650085647 0.019899 0.000231 0.960202
key 0.680765 0.749909 0.275797 0.443497 0.022292 0.022854 0.048631 0.062632 0.043743 0.053932 0.014078 0.9217538811 0.012048 0.000091 0.975905
desk 0.330312 0.306963 0.146341 0.394456 0.049347 0.039173 0.07395 0.108805 0.021224 0.019794 0.029833 0.9505350946 0.025923 0.000353 0.948154
foot 0.970292 0.851987 0.879925 0.764392 0.022923 0.022557 0.030495 0.044021 0.062346 0.078359 0.015616 0.9811507393 0.025193 0.000299 0.949613
pliers 0.130916 0.102078 0.118199 0.180171 0.105552 0.119517 0.053763 0.151978 0.008412 0.005222 0.058482 0.8914694741 0.013573 0 0.972854
arch 1 1 0.80863 0.280384 0.016605 0.017165 0.018011 0.042099 0.064255 0.085896 0.012239 0.8932350683 0.011573 0.000193 0.976853
refrigerator 0.182528 0.165148 0.073171 0.233475 0.101819 0.119485 0.060729 0.086592 0.011728 0.005769 0.054053 0.9593013495 0.020014 0.001106 0.959973
fly 0.95141 0.89136 0.707317 0.864606 0.015914 0.01429 0.018913 0.037228 0.061133 0.067672 0.013432 0.8883819501 0.020094 0.000164 0.959812
cow 0.347684 0.37696 0.242026 0.200426 0.026521 0.029503 0.026036 0.052261 0.02234 0.021118 0.019196 0.828609833 0.016658 0.000041 0.966684
car 0.456445 0.456799 0.377111 0.339019 0.02951 0.029578 0.028579 0.091518 0.029329 0.038071 0.018691 0.8969854993 0.023484 0.000446 0.953033
chisel 0.210725 0.177543 0.150094 0.271855 0.057759 0.062757 0.075321 0.0654 0.01354 0.01338 0.035942 0.8800710122 0.014651 0.00022 0.970698
dog 0.558157 0.55268 0.67167 0.326226 0.019982 0.020238 0.026464 0.070347 0.035865 0.045834 0.015126 0.8560583272 0.025868 0.000076 0.948264
bed 0.913142 0.777251 0.840525 0.897655 0.018878 0.015678 0.02555 0.048652 0.058674 0.055112 0.014261 0.9283292197 0.025268 0.000552 0.949464
cat 0.453172 0.46883 0.405253 0.238806 0.019119 0.020439 0.023345 0.094897 0.029119 0.031209 0.012852 0.8080161256 0.011923 0.000237 0.976155
hammer 0.484139 0.511484 0.187617 0.39339 0.025982 0.020881 0.02423 0.058119 0.031108 0.036484 0.01647 0.8865982296 0.019139 0 0.961723
truck 0.351208 0.335399 0.317073 0.312367 0.041378 0.040363 0.052461 0.088203 0.022567 0.021353 0.027788 0.9174538328 0.021973 0.00025 0.956054
bottle 0.349698 0.356908 0.227017 0.272921 0.034163 0.035408 0.021729 0.072752 0.02247 0.015646 0.022665 0.8815362266 0.017666 0.000084 0.964668
coat 0.429758 0.463726 0.273921 0.272921 0.041119 0.039765 0.042572 0.069217 0.027614 0.021453 0.025305 0.963032791 0.024547 0 0.950906
dresser 0.257805 0.238425 0.140713 0.271855 0.056242 0.053232 0.043168 0.100797 0.016565 0.016739 0.030884 0.9226390519 0.02085 0.000154 0.958301
igloo 0.02568 0.022238 0.016886 0.033049 0.143204 0.164875 0.388889 0.122581 0.00165 0.000505 0.082905 0.6140789196 0.003397 0 0.993205
